      0/49     11.8G   0.07007    0.3535         0    0.4236        10      1280  0.002352    0.1253 0.0003068 4.927e-05    0.0906   0.02146         0
      1/49     22.8G   0.06582   0.01124         0   0.07706        15      1280    0.1684    0.1596   0.07298   0.01618   0.08372   0.01972         0
      2/49     22.8G    0.0549  0.009161         0   0.06406        17      1280    0.5502    0.4385    0.4317    0.2282   0.06621   0.02007         0
      3/49     22.8G   0.04033  0.008011         0   0.04834        12      1280    0.6735    0.6694    0.7145    0.4425    0.0538    0.0182         0
      4/49     22.8G   0.03406  0.007157         0   0.04122         6      1280    0.7666    0.7447    0.8164    0.5353   0.04866   0.01734         0
      5/49     22.8G   0.03102  0.006694         0   0.03771         7      1280     0.806    0.7522    0.8517    0.5776   0.04682   0.01732         0
      6/49     22.8G     0.029  0.006355         0   0.03535        14      1280    0.8471    0.7338    0.8605    0.5925   0.04458    0.0173         0
      7/49     22.8G   0.02761  0.006077         0   0.03368         4      1280    0.8314    0.8099    0.8864    0.6239   0.04333   0.01706         0
      8/49     22.8G   0.02663  0.005894         0   0.03253         8      1280    0.8213    0.8424    0.8951    0.6352    0.0421   0.01674         0
      9/49     22.8G   0.02569  0.005741         0   0.03143         3      1280    0.8454    0.7988    0.8951    0.6404   0.04161   0.01702         0
     10/49     22.8G   0.02501  0.005546         0   0.03056         4      1280     0.832    0.8293    0.9051    0.6535   0.04103   0.01693         0
     11/49     22.8G   0.02449  0.005526         0   0.03001         9      1280    0.8274    0.8424    0.9076    0.6571   0.04036   0.01723         0
     12/49     22.8G    0.0238  0.005383         0   0.02919         2      1280    0.8028    0.8677    0.9101     0.662   0.03961   0.01699         0
     13/49     22.8G   0.02338  0.005295         0   0.02867         7      1280      0.82    0.8557    0.9136    0.6664   0.03915   0.01707         0
     14/49     22.8G    0.0229  0.005214         0   0.02811        13      1280    0.8192     0.863    0.9172    0.6731   0.03897   0.01705         0
     15/49     22.8G   0.02255  0.005158         0   0.02771         9      1280    0.8137    0.8834    0.9187    0.6776   0.03867   0.01715         0
     16/49     22.8G   0.02224  0.005136         0   0.02737         7      1280    0.8031     0.897    0.9184    0.6773   0.03833   0.01707         0
     17/49     22.8G   0.02191  0.005008         0   0.02692        20      1280    0.8235    0.8737    0.9155    0.6801   0.03826   0.01725         0
     18/49     22.8G   0.02161  0.004923         0   0.02653         5      1280    0.8374     0.873    0.9213    0.6817   0.03799   0.01727         0
     19/49     22.8G   0.02137  0.004901         0   0.02628         6      1280    0.8145    0.9038    0.9213    0.6856   0.03741    0.0173         0
     20/49     22.8G   0.02121  0.004833         0   0.02604         0      1280    0.8297    0.8789    0.9156    0.6848    0.0373   0.01742         0
     21/49     22.8G   0.02083  0.004794         0   0.02563        16      1280    0.8511    0.8724    0.9226    0.6905   0.03709   0.01741         0
     22/49     22.8G    0.0206  0.004709         0   0.02531         8      1280    0.8428    0.8816    0.9224    0.6927   0.03662   0.01743         0
     23/49     22.8G   0.02051  0.004737         0   0.02524         7      1280    0.8396    0.8823     0.919    0.6874   0.03627   0.01747         0
     24/49     22.8G   0.02035  0.004706         0   0.02505         5      1280    0.8436    0.8818    0.9208    0.6906   0.03612   0.01752         0
     25/49     22.8G   0.02006  0.004616         0   0.02468         4      1280    0.8427    0.8835    0.9255    0.6962   0.03607   0.01751         0
     26/49     22.8G   0.01991  0.004623         0   0.02453         4      1280    0.8492    0.8859    0.9254    0.6942   0.03583   0.01748         0
     27/49     22.8G   0.01987  0.004599         0   0.02447         5      1280    0.8384    0.8959    0.9243    0.6939   0.03558    0.0175         0
     28/49     22.8G   0.01951  0.004555         0   0.02407         8      1280    0.8341    0.8959    0.9253    0.6947   0.03547   0.01758         0
     29/49     22.8G   0.01942  0.004503         0   0.02392         7      1280    0.8297    0.8987    0.9249    0.6941   0.03526   0.01761         0
     30/49     22.8G   0.01935  0.004473         0   0.02382         4      1280    0.8299    0.8976    0.9245    0.6955   0.03512   0.01765         0
     31/49     22.8G   0.01931   0.00447         0   0.02378        19      1280    0.8296    0.8988    0.9243    0.6958   0.03502    0.0177         0
     32/49     22.8G    0.0191  0.004456         0   0.02356         3      1280    0.8275    0.9035     0.925     0.696   0.03499   0.01773         0
     33/49     22.8G   0.01904   0.00442         0   0.02346         3      1280    0.8435    0.8879     0.925    0.6969   0.03482   0.01774         0
     34/49     22.8G   0.01888  0.004422         0    0.0233         7      1280    0.8405    0.8939    0.9259    0.6978   0.03466   0.01777         0
     35/49     22.8G   0.01867  0.004383         0   0.02305         6      1280    0.8432    0.8932    0.9264    0.6987   0.03454   0.01778         0
     36/49     22.8G   0.01855  0.004362         0   0.02292         3      1280    0.8441    0.8921    0.9265    0.6986   0.03445    0.0178         0
     37/49     22.8G   0.01853   0.00431         0   0.02284        15      1280    0.8493    0.8853    0.9259    0.6978   0.03435   0.01783         0
     38/49     22.8G   0.01851  0.004301         0   0.02281         8      1280    0.8368    0.8978    0.9254    0.6976   0.03426   0.01786         0
     39/49     22.8G    0.0184  0.004252         0   0.02265        12      1280    0.8342    0.9011    0.9249    0.6971   0.03421   0.01788         0
     40/49     22.8G    0.0183  0.004246         0   0.02255         9      1280    0.8337    0.9006    0.9243    0.6971   0.03416   0.01791         0
     41/49     22.8G   0.01814  0.004259         0    0.0224         9      1280    0.8293    0.9054     0.924    0.6966    0.0341   0.01792         0
     42/49     22.8G   0.01808  0.004244         0   0.02232         3      1280    0.8311    0.9029    0.9238    0.6969   0.03406   0.01793         0
     43/49     22.8G   0.01806  0.004283         0   0.02235        13      1280    0.8412     0.892    0.9236    0.6968     0.034   0.01793         0
     44/49     22.8G   0.01787  0.004235         0   0.02211         5      1280    0.8417    0.8921    0.9235    0.6966   0.03395   0.01793         0
     45/49     22.8G   0.01798    0.0042         0   0.02218         1      1280    0.8399    0.8944    0.9237    0.6973   0.03391   0.01794         0
     46/49     22.8G   0.01793  0.004176         0    0.0221        15      1280    0.8366    0.8983    0.9238    0.6973   0.03387   0.01795         0
     47/49     22.8G   0.01789  0.004213         0   0.02211        10      1280    0.8423    0.8924    0.9239    0.6975   0.03383   0.01795         0
     48/49     22.8G   0.01775  0.004171         0   0.02192        22      1280     0.844    0.8904    0.9239    0.6975   0.03379   0.01796         0
     49/49     22.8G    0.0178  0.004183         0   0.02198        11      1280    0.8425    0.8923    0.9238    0.6976   0.03375   0.01796         0
